[ 2.76286152  2.74861547  2.73781702  2.72982611  2.72545009  2.72023033
  2.71544399  2.71299931  2.7122975   2.71656014  2.72121761  2.72404305
  2.72182921  2.71511791  2.70865001  2.70034465  2.69255764  2.68295818
  2.67626509  2.66676571  2.66008063  2.65432416  2.64934411  2.64884177
  2.65210845  2.65481442  2.66282528  2.67074209  2.67776974  2.67927653
  2.67865315  2.67825441  2.68062163  2.68023482  2.67903231  2.67432398
  2.66798805  2.66235907  2.65907162  2.65849255  2.65855006  2.65727352
  2.65815075  2.65810917  2.65970122  2.66503744  2.66656826  2.67362324
  2.67729889  2.67572602  2.67604605  2.67649724  2.67573191  2.67006212
  2.66652448  2.66224928  2.65787617  2.65594274  2.65104284  2.65000739
  2.65284146  2.65753431  2.66512902  2.6730386   2.67976746  2.68508038
  2.6922309   2.69534012  2.70101618  2.70524093  2.70688556  2.70642082
  2.70119276  2.69420365  2.6862937   2.67968803  2.67533058  2.67305689
  2.67416274  2.67815961  2.6792686   2.68300265  2.68706698  2.6902502
  2.69389454  2.6966985   2.69279339  2.69219465  2.68726785  2.68310145
  2.67975582  2.67482208  2.6677356   2.6620627   2.65561412  2.65083611
  2.64941551  2.65335303  2.66363476  2.67454642]
